0.008782201405152224 0.793002915451895 0 14.320394824596518 0.7930515437074226 0.0002488290398126463 0.003563330093942341 0.0035720074537225165
0.006293911007025761 0.7573696145124716 1 -1.4754346182917688 0.7573957659655448 0.00026346604215456674 0.00038872691933916625 0.00046959873635638185
0.003659250585480094 0.7612568837058633 1 -6.373877551020411 0.7612656783964515 0.0003659250585480094 0.0023323615160349863 0.002360892075033161
0.0 0.7845804988662132 1 0.0 0.7845804988662132 0.0 0.0 0.0
0.0 0.7845804988662132 1 0.0 0.7845804988662132 0.0004830210772833724 0.0 0.0004830210772833724
0.004830210772833724 0.7845804988662132 1 0.23712342079688464 0.784595367139818 0.000819672131147541 0.00019436345966957757 0.00084240106661535
0.013026932084309134 0.786524133462909 1 0.834785376138759 0.7866320063912406 0.0016686182669789224 0.0013929381276320042 0.0021736061161826666
0.02971311475409836 0.800453514739229 1 1.0918216175359061 0.8010048055079165 0.0021955503512880565 0.002397149335924853 0.0032506562850855318
0.051668618266978925 0.8244250080984775 1 1.2025218565268108 0.8260425171211185 0.0025322014051522247 0.0030450275348234525 0.003960332895614697
0.07699063231850117 0.854875283446712 1 1.077455543620957 0.8583351954294424 0.003337236533957845 0.0035957240038872683 0.004905749565123974
0.11036299765807962 0.8908325234855847 1 1.181780155427868 0.8976427887259899 0.0030152224824355964 0.003563330093942341 0.004667856893369827
0.1405152224824356 0.9264658244250081 1 0.8458643492300923 0.9370610714232015 0.002795667447306793 0.002364755425979914 0.003661669660227739
0.16847189695550352 0.9501133786848073 1 1.0041152263374455 0.9649343047169822 0.0015807962529273995 0.0015873015873015817 0.0022401881890411414
0.18427985948477751 0.9659863945578231 1 0.6147644242882399 0.983406722105636 0.0007903981264637012 0.0004859086491739606 0.000927812703976073
0.19218384074941453 0.9708454810495627 1 2.167140452854739 0.9896845844609045 0.0005866998438719751 0.0012714609653385167 0.0014002962876402097
0.12177985948477751 0.8182701652089407 0 -40.006977149834235 0.8272825378594663 0.0001902810304449651 0.007612568837058631 0.00761494656379829
0.12368266978922716 0.7421444768383544 1 -4.094331065759644 0.7523801082616856 0.0002927400468384078 0.0011985746679624265 0.0012338062934286703
0.12075526932084309 0.7541302235179786 1 -32.99608328179757 0.7637370156618217 0.0001610070257611243 0.005312601230968583 0.005315040460959196
0.12236533957845433 0.7010042112082928 1 -13.983096268810534 0.7116039491612671 0.0006440281030444972 0.009005506964690635 0.009028506404084933
0.1288056206088993 0.6109491415613865 1 -12.087214372928665 0.6243794851490868 0.000951405152224824 0.011499838030450276 0.011539126764633034
0.13831967213114754 0.4959507612568837 1 -16.709297052154177 0.5148781305219232 0.0005854800936768156 0.009782960803368967 0.009800464734916676
0.1441744730679157 0.398121153223194 1 -41.709401709401966 0.42342263913042855 0.0001902810304449637 0.007936507936507936 0.007938788641650605
0.14607728337236534 0.31875607385811466 1 91.18185941043248 0.3506337224781584 7.318501170960057e-05 0.006673145448655654 0.006673546750031246
0.14534543325526933 0.2520246193715581 1 6.71993403421975 0.29093247281377976 0.0008050351288056201 0.005409782960803367 0.005469354005877615
0.13729508196721313 0.19792678976352446 1 3.3812043335852815 0.24088369317676567 0.001053864168618268 0.003563330093942338 0.0037159051446844795
0.12675644028103045 0.16229348882410108 1 1.8931781547960558 0.2059280740147323 0.001214871194379391 0.0022999676060900557 0.0026011080346645407
0.11460772833723654 0.13929381276320052 1 0.753413422106431 0.18038208799304706 0.0013758782201405153 0.001036605118237771 0.0017226697442672453
0.10084894613583138 0.1289277615808228 1 -0.7290382819794577 0.16368530063188114 0.001244145199063232 0.0009070294784580491 0.0015396752096283064
0.08840749414519906 0.1379980563654033 1 -1.9088435374149666 0.16388821977696394 0.00117096018735363 0.0022351797862001947 0.0025233264626292806
0.07669789227166277 0.16034985422740525 1 2.7069089239071156 0.1777488183636271 0.0012252431099461824 0.003316621508269028 0.0035357034530038457
0.2617096018735363 0.6611597019760285 0 -0.2270958134497582 0.7110724767770411 0.007845433255269318 0.0017816650469711704 0.008045194422913874
0.3401639344262295 0.6433430515063168 1 1.538410486145677 0.7277374418056223 0.002400468384074944 0.003692905733722063 0.004404520543839097
0.36416861826697894 0.6802721088435374 1 4.361843119124674 0.7716144922180468 0.0015076112412177988 0.0065759637188208655 0.006746568793534578
0.3792447306791569 0.746031746031746 1 0.7377173091458807 0.8368930229336853 0.00245901639344262 0.0018140589569160981 0.0030557440210834206
0.40383489461358313 0.764172335600907 1 0.6416831032215673 0.8643159032467869 0.002473653395784542 0.0015873015873015927 0.002939130390358099
0.42857142857142855 0.780045351473923 1 0.5055423184502197 0.890024842206009 0.0028834894613583182 0.0014577259475218596 0.0032310178600315704
0.45740632318501173 0.7946226109491416 1 0.579142560450972 0.916867295916515 0.0031323185011709553 0.0018140589569160981 0.003619700138401713
0.4887295081967213 0.8127632005183025 1 0.6516502897455294 0.9483883973873591 0.0026346604215456704 0.0017168772270813148 0.0031446944127736217
0.515076112412178 0.8299319727891157 1 0.44581477675002645 0.9767755530495611 0.0020345433255269272 0.0009070294784580435 0.002227570205007698
0.5354215456674473 0.8390022675736961 1 -3.618212197159571 0.9952894235139457 0.00013905152224824336 0.0005031179138321997 0.0005219798473680937
0.4909250585480094 1.0 0 0.0 1.1140051225691767 0.0 0.0 0.0
0.4909250585480094 1.0 1 2.032486463973345 1.1140051225691767 0.0007172131147541005 0.0014577259475218706 0.0016246105964365168
0.4837529274004684 0.9854227405247813 1 0.5916346736714472 1.0977590228788343 0.0014783372365339553 0.0008746355685131157 0.0017176927439536774
0.4689695550351288 0.9766763848396501 1 2.662438408947531 1.083433987030726 0.0019467213114754134 0.0051830255911888504 0.005536558330178694
0.4495023419203747 0.9248461289277616 1 3.619961679762351 1.0282960262417469 0.0018881733021077264 0.00683511499838031 0.007091120888821164
0.43062060889929743 0.8564949789439585 1 3.653928685568191 0.9586541387617401 0.002180913348946134 0.00796890184645287 0.00826194769252453
0.4088114754098361 0.7768059604794298 1 3.4471517900089252 0.8778122365649368 0.002415105386416866 0.008325234855847097 0.008668464075746705
0.38466042154566743 0.6935536119209589 1 2.97392290249434 0.7930827526256631 0.0018735362997658045 0.005571752510528027 0.005878313049261286
0.3659250585480094 0.6378360868156786 1 3.393499622071051 0.735347551922016 0.001097775175644028 0.0037252996436669904 0.003883679668995073
0.3549473067915691 0.6005830903790087 1 2.950869236583522 0.6976300158735924 0.0005708430913348939 0.001684483317136376 0.0017785797369349362
0.34923887587822017 0.5837382572076449 1 3.196775006298774 0.6802338901822678 0.00013173302107728492 0.000421120829284094 0.00044124408403860944
0.3479215456674473 0.579527048914804 1 1.9456280680770492 0.6759445260992408 0.0006497401039584166 0.0012641525832167953 0.0014213528613069982
0.3745608899297424 0.6313573048266926 0 1.6562943456952652 0.7341034713328809 0.0022687353629976593 0.0037576935536119183 0.004389467050812968
0.397248243559719 0.6689342403628118 1 -2.751486180057631 0.777996905482955 0.0005415690866510503 0.0014901198574667983 0.0015854823446613728
0.4026639344262295 0.6540330417881438 1 -9.59032501889638 0.7680478265305245 0.0003073770491803296 0.002947845804988658 0.002963827852685111
0.4057377049180328 0.6245545837382572 1 -44.26303854875319 0.7447761497662371 0.0001610070257611229 0.007126660187884682 0.007128478708386872
0.407347775175644 0.5532879818594104 1 -0.09815354713313895 0.6870660818368247 0.0 0.009815354713313896 0.009815354713313896
0.407347775175644 0.45513443472627146 1 -49.51927437641717 0.6108023932616421 0.00023419203747072627 0.011597019760285066 0.011599384174638624
0.4096896955503513 0.3391642371234208 1 -128.73167044595195 0.531862789057151 8.782201405152512e-05 0.011305474570780693 0.01130581567056181
0.41056791569086654 0.22610949141561387 1 -0.07482993197278912 0.46871261504569095 0.0 0.007482993197278911 0.007482993197278911
0.41056791569086654 0.15127955944282476 1 -0.04956268221574345 0.4375517323699652 0.0 0.004956268221574345 0.004956268221574345
0.41056791569086654 0.10171687722708131 1 35.09426627793829 0.42298030274183174 0.0001024590163934469 0.0035957240038872696 0.0035971834763007865
0.40954332552693207 0.06575963718820861 1 15.04943310657623 0.4147891818343187 0.00014637002341920114 0.0022027858762552637 0.0022076434948572216
0.40807962529274006 0.043731778425655975 1 14.016628873771275 0.4104161900112297 8.782201405152512e-05 0.0012309685779073535 0.0012340973810633091
0.4072014051522248 0.03142209264658244 1 20.855322177532774 0.4084119639092821 0.00025065866510538685 0.005227567217363135 0.005233573232356854
0.42725409836065575 0.4496274700356333 0 1.420788891688363 0.6202506963934996 0.004742388758782201 0.0067379332685455155 0.008239538571473299
0.47467798594847777 0.5170068027210885 1 3.5702733923758196 0.7018655315685375 0.0015515222482435586 0.005539358600583089 0.005752539873190675
0.49019320843091335 0.5724003887269193 1 2.3735252555128232 0.7536123583159456 0.0010099531615925083 0.002397149335924842 0.002601217085776505
0.5002927400468384 0.5963718820861678 1 0.0 0.7784293464962453 0.0008489461358313743 0.0 0.0008489461358313743
0.5087822014051522 0.5963718820861678 1 -1.3959881388452708 0.7839124633590607 0.0009514051522248268 0.0013281503077421375 0.0016337548786875835
0.5182962529274004 0.5830903790087464 1 -1.9602202785876335 0.7801444711661728 0.0010245901639344245 0.0020084224165856867 0.002254671951188257
0.5285421545667447 0.5630061548428895 1 -10.291156462584834 0.772225834549086 0.00029274004683841335 0.0030126336248785246 0.0030268231023255513
0.5314695550351288 0.5328798185941043 1 -0.03692905733722057 0.7526093202944827 0.0 0.0036929057337220573 0.0036929057337220573
0.5314695550351288 0.4959507612568837 1 69.93560090702276 0.7269298766184537 7.31850117096089e-05 0.005118237771298995 0.0051187609760068534
0.5307377049180327 0.44476838354389375 1 -16.09565038136423 0.6924604150577194 0.0003220140515222569 0.005183025591188856 0.005193019095699183
0.5339578454332553 0.3929381276320052 1 -5.0368285245132975 0.6629565240999369 0.0008489461358313743 0.004275996112730806 0.004359455504719826
0.542447306791569 0.35017816650469713 1 -2.995851999336309 0.6456576716356881 0.0012002341920374748 0.0035957240038872683 0.0037907510110619163
0.5544496487119438 0.31422092646582445 1 -2.8264349916673637 0.6372983630810917 0.0012148711943793856 0.0034337544541626188 0.003642331900090163
0.5665983606557377 0.27988338192419826 1 -2.8981751430730873 0.6319560188613571 0.0012295081967213183 0.003563330093942341 0.003769484283585758
0.5788934426229508 0.24425008098477485 1 -5.392042877757167 0.6283118015547065 0.0008050351288056201 0.004340783932620667 0.004414803133584648
0.586943793911007 0.20084224165856818 1 -9.098513479465947 0.6203552395564056 0.0005269320843091285 0.004794298671849692 0.00482316878995273
0.5922131147540983 0.15289925494007126 1 15.860922146636915 0.6116326965164466 0.0002634660421545587 0.004178814382896015 0.004187111653881132
0.5895784543325527 0.1111111111111111 1 3.2011661807580136 0.599957025815606 0.0008196721311475419 0.0026239067055393583 0.002748954128746852
0.5813817330210773 0.08487204405571752 1 1.3388203017832616 0.5875440267356881 0.0011855971896955531 0.0015873015873015873 0.001981203428541383
0.5695257611241218 0.06899902818270165 1 -0.22815999251934424 0.5736902112413698 0.0014197892271662794 0.0003239390994493038 0.0014562753825185148
0.555327868852459 0.07223841917719469 1 -1.9721155789048326 0.5600066348976894 0.0014783372365339553 0.0029154518950437317 0.0032688439450724678
0.5405444964871194 0.101392938127632 1 -3.01410214879602 0.5499717088948006 0.0015368852459016424 0.004632329122125039 0.004880623869420578
0.525175644028103 0.1477162293488824 1 -7.002267573696172 0.5455543432998993 0.0008928571428571397 0.00625202461937156 0.006315457680863605
0.5162470725995316 0.210236475542598 1 -17.262585034013252 0.5574140432534505 0.00029274004683841335 0.0050534499514091336 0.00506192188268645
0.5133196721311475 0.26077097505668934 1 36.240362811791364 0.5757591399438182 0.00011709601873536313 0.004243602202785879 0.004245217442380642
0.5144906323185011 0.3032069970845481 1 3.4605648319933553 0.5971893282908866 0.0008050351288056313 0.0027858762552640083 0.002899860008389183
0.5225409836065574 0.3310657596371882 1 1.7280775323828221 0.6185900231596506 0.0021370023419203686 0.003692905733722063 0.004266653462320373
0.5439110070257611 0.36799481697440883 1 1.41813618651344 0.656703410135661 0.0030152224824355977 0.004275996112730806 0.005232180174140991
0.5740632318501171 0.4107547781017169 1 1.360377790259837 0.7058810678121293 0.003190866510538637 0.004340783932620667 0.005387395867928657
0.6059718969555035 0.4541626174279236 1 1.187187457764562 0.7572751302986477 0.0022101873536299775 0.0026239067055393583 0.0034307163300862247
0.6280737704918032 0.48040168448331716 1 1.9076166470403124 0.7907353790201872 0.0007282038887546154 0.001389133860627796 0.0015684303575039696
0.8326990632318502 0.8707482993197279 0 49.71079713936667 1.204819625784457 0.00019028103044497203 0.009459021703919657 0.009460935390635025
0.8307962529274004 0.7761580822805313 1 1.908843537414962 1.1369449338325939 0.0011709601873536313 0.002235179786200192 0.0025233264626292784
0.8190866510538641 0.7538062844185294 1 0.20534399326741817 1.1131607504594758 0.0014197892271662683 0.00029154518950438304 0.0014494136908076091
0.8048887587822015 0.7508908325234855 1 3.7978779989361855 1.1007647143607784 0.0011855971896955531 0.004502753482345312 0.004656224824789588
0.7930327868852459 0.7058632977000324 1 7.044680783111367 1.0616703801627625 0.0010392271662763464 0.007321023647554259 0.0073944154840782
0.7826405152224825 0.6326530612244898 1 6.2545597949324865 1.0063677617771898 0.001009953161592503 0.006316812439261421 0.006397040314193627
0.7725409836065574 0.5694849368318756 1 3.907596371882087 0.9597565652967384 0.0009367681498829051 0.003660511823777135 0.003778476065644355
0.7631733021077284 0.5328798185941043 1 5.935271078128066 0.9308030887974639 0.0003220140515222569 0.0019112406867508925 0.0019381780135141874
0.7599531615925058 0.5137674117265953 1 0.0 0.917325330058366 7.31850117096089e-05 0.0 7.31850117096089e-05
0.7606850117096019 0.5137674117265953 1 3.3197278911564907 0.9179317188069503 0.00043911007025760896 0.0014577259475218706 0.0015224265472856737
0.765076112412178 0.528344671201814 1 1.685013399299114 0.9297793014318423 0.0012880562060889945 0.0021703919663103367 0.002523824494189091
0.7779566744730679 0.5500485908649174 1 1.510564013965374 0.9527696676897708 0.0018442622950819664 0.0027858762552640083 0.003341019293973744
0.7963992974238876 0.5779073534175575 1 0.9505203790918102 0.9839861533941153 0.0022833723653395755 0.0021703919663103367 0.003150300088280622
0.8192330210772834 0.5996112730806609 1 0.5714711549721614 1.0152223508319858 0.003117681498829039 0.0017816650469711704 0.0035908589874484994
0.8504098360655737 0.6174279235503726 1 0.3703282109656577 1.050911095220143 0.003673887587822022 0.0013605442176870652 0.003917720073746264
0.887148711943794 0.6310333657272432 1 0.4172335600907037 1.0886854209387509 0.00357142857142857 0.0014901198574667983 0.0038698267700806956
0.9228629976580797 0.6459345643019112 1 0.7093435664864258 1.1264579769376026 0.0022833723653395755 0.0016196954972465204 0.0027995004666184825
0.9456967213114754 0.6621315192743764 1 -9.635723007151554 1.154452440560402 0.00021142336716107262 0.0020372170032033976 0.0020481584309624975
0.9266686182669789 0.8454810495626822 0 7.28918845825793 1.2544133821234715 0.0015954332552693185 0.011629413670229993 0.011738341858429218
0.9107142857142857 0.7291869128603823 1 0.5269409351042093 1.1666679322287625 0.0006147540983606592 0.00032393909944931074 0.0006948806671675774
0.9045667447306791 0.7259475218658892 1 9.521700152929474 1.1598451621556574 0.0006293911007025699 0.00599287333981211 0.006025833056488899
0.8982728337236534 0.6660187884677681 1 15.492063492063378 1.118246444393183 0.000629391100702581 0.00975056689342404 0.009770859117845294
0.8919789227166276 0.5685131195335277 1 15.08967223252949 1.0577492924377017 0.0006440281030444916 0.009718172983479106 0.009739489634181777
0.8855386416861827 0.4713313896987366 1 22.042993197278804 1.0031609864995508 0.0003659250585480112 0.008066083576287658 0.00807437956799969
0.8818793911007026 0.39067055393586003 1 36.77237048665695 0.9645386162102052 0.00019028103044496091 0.0069970845481049536 0.0069996713525619396
0.879976580796253 0.3206997084548105 1 18.811791383219344 0.9365933406515684 0.00017564402810305024 0.0033041788143828967 0.0033088439766820418
0.8782201405152225 0.28765792031098153 1 19.549508692366437 0.9241307777172103 8.782201405151956e-05 0.0017168772270813094 0.001719121903479352
0.8773419203747073 0.27048914804016844 1 3.5041572184428205 0.9180921655554389 0.00017564402810305024 0.0006154842889536771 0.0006400560401692016
0.8755854800936768 0.26433430515063167 1 -2.9508692365835305 0.914616071272718 0.0004500878220140503 0.0013281503077421444 0.0014023417156602395
0.8575819672131147 0.31746031746031744 0 -2.3477354905926373 0.9144549653488254 0.0021662763466042123 0.005085843861354067 0.005527979829189841
0.8359192037470726 0.3683187560738581 1 -0.23472823472823215 0.9134657198105105 0.0009660421545667486 0.00022675736961451088 0.0009922985181256988
0.8262587822014051 0.3705863297700032 1 -1.012798339674862 0.9055593867755724 0.0008635831381732962 0.0008746355685131213 0.0012291310809858765
0.8176229508196722 0.37933268545513443 1 -5.164021164020696 0.9013326666451583 8.782201405153068e-05 0.0004535147392290273 0.0004619397415789638
0.8167447306791569 0.3838678328474247 1 0.1875552480879324 0.9024557984672418 0.0008635831381733072 0.00016196954972464984 0.000878640979908895
0.8253805620608899 0.3854875283446712 1 1.4023933005545475 0.9109630655176061 0.0014783372365339553 0.002073210236475542 0.0025463074577807424
0.8401639344262295 0.4062196307094266 1 0.5773439810706881 0.93321477971808 0.0030298594847775195 0.001749271137026237 0.003498570852266588
0.8704625292740047 0.423712342079689 1 0.4976944525816715 0.9681100989560809 0.003059133489461352 0.0015225137674117263 0.0034170668530630528
0.9010538641686182 0.43893747975380626 1 -0.782700071898675 1.0022794905942263 0.0024004683840749496 0.0018788467768059592 0.0030483296530489515
0.9250585480093677 0.42014901198574667 1 -1.8945921803064691 1.0160012349981662 0.001932084309133486 0.0036605118237771294 0.0041391178516215245
0.9443793911007026 0.3835438937479754 1 -6.263637530483915 1.0192930652011187 0.0007757611241217766 0.00485908649173955 0.0049206226085633156
0.9521370023419203 0.33495302883057987 1 11.318691286038364 1.0093356244339329 0.0005122950819672067 0.005798509880142533 0.005821096381363081
0.9470140515222483 0.27696793002915454 1 4.688074512959316 0.9866847764332934 0.0013612412177985921 0.006381600259151282 0.00652516662780603
0.9334016393442623 0.21315192743764172 1 3.077893409019235 0.9574300833486162 0.0022101873536299775 0.006802721088435373 0.007152757674155419
0.9112997658079626 0.14512471655328799 1 2.4225041367898426 0.9227829899365937 0.0021662763466042236 0.005247813411078718 0.005677349628775261
0.8896370023419203 0.0926465824425008 1 3.462931839402435 0.8944480897034734 0.0012441451990632291 0.004308390022675737 0.004484431052412771
0.877195550351288 0.04956268221574344 1 5.734075448361205 0.8785946124490622 0.0006440281030444916 0.00369290573372206 0.0037486430819255586
0.8707552693208431 0.012633624878522837 1 -3.0826044703596107 0.8708469139450316 0.0004098360655737654 0.0012633624878522838 0.001328175581900712
0.8748536299765808 0.0 1 0.4617367330625281 0.8748536299765808 0.0020345433255269385 0.0009394233884029802 0.002240955788525233
0.8951990632318502 0.009394233884029803 1 0.7725152954263471 0.8952483534983183 0.003103044496487117 0.002397149335924846 0.003921123574424035
0.9262295081967213 0.03336572724327826 1 1.5606688890695732 0.9268302830663299 0.0036738875878220114 0.005733722060252673 0.006809773760719279
0.9629683840749415 0.09070294784580499 1 1.793265395749868 0.9672306516420076 0.0037031615925058547 0.006640751538710724 0.007603485173201782
